3
#material 1
0.9 0.1 0.1 0.9 0.1 0.1 0.9 0.9 0.9 100 0.9 0.9 0.9 0 0 0 0
#material 2
0.3 0.4 1 0.2 0.2 1 0.8 0.8 1 100 0.8 0.8 0.8 1.55 1.07 1.11 1.08 
#material 3
0.2 0.9 0.2 0.5 0.9 0.2 1 1 1 100 0.5 0.5 0.5 0 0 0 0
#material 4
0.4 0.7 0.8 0.2 0.9 0.8 1 0.3 1 100 0.3 0.6 0.7 0 0 0 0
#material 5
0.5 0.5 0.5 0.5 0.5 0.5 0.5 0.5 0.5 500 0.9 0.9 0.9 2.3 1.3 1.27 1.33
#triangle
0 100 100 -50 -50 0 50 -50 0 1
#triangle
200 300 200 300 200 300 350 250 150 1
#sphere
200 0 -100 100 5
#sphere
0 100 100 100 2
#sphere
-200 200 150 100 1
#sphere
-200 -200 150 100 4
#sphere
250 -300 100 100 3
#point light
0 -300 500 100 100 100
#ambient light
60 60 60
#background color
60 60 60
